26
64
145
145
187
215
232
234
285
301
331
340
396
438
486
492
542
584
601
604
629
690
726
766
815
872
872
876
920
997
1070
1125
1235
1262
1262
1279
1382
1439
1543
1571
1580
1581
1584
1637
1665
1695
1705
1755
1756
1807
1820
1825
1878
1912
1931
1962
1965
1966
2004
2018
2024
2063
2070
2081
2097
2105
2138
2145
2150
2152
2182
2214
2228
2241
2245
2279
2335
2360
2422
2504
2562
2578
2621
2652
2697
2698
2761
2779
2794
2877
2903
2925
2991
3013
3017
3037
3067
3097
3149
3221
3271
3288
3344
3362
3404
3432
3436
3527
3568
3580
3601
3602
3634
3671
3786
3823
3825
3841
3931
3995
4009
4013
4029
4045
4157
4186
4193
4203
4237
4270
4281
4341
4406
4450
4480
4514
4519
4537
4563
4627
4632
4660
4666
4684
4694
4757
4833
4867
4867
4986
5010
5025
5066
5092
5102
5106
5177
5180
5198
5219
5229
5241
5241
5278
5298
5326
5340
5370
5392
5402
5458
5461
5588
5613
5724
5756
5797
5834
5963
6062
6111
6135
6165
6192
6263
6269
6269
6271
6277
6320
6322
6416
6449
6495
6557
6576
6585
6634
6710
6717
6756
6781
6785
6855
6974
6995
7007
7074
7077
7107
7118
7123
7148
7149
7224
7263
7319
7333
7338
7468
7497
7503
7572
7608
7643
7644
7665
7688
7699
7720
7754
7796
7857
7858
7864
7909
7940
7947
7948
7958
8045
8088
8141
8151
8212
8262
8266
8267
8357
8372
8427
8441
8473
8477
8571
8599
8612
8683
8708
8829
8847
8891
8907
9011
9051
9122
9125
9156
9161
9189
9241
9276
9298
9374
9421
9449
9477
9519
9546
9652
9703
9723
9748
9758
9759
9777
9897
9900
9959
9972
10003
10004
10043
10043
10115
10155
10191
10210
10210
10241
10311
10372
10420
10428
10462
10466
10496
10516
10521
10538
10589
10595
10678
10702
10780
10819
10873
10877
10927
10941
10947
11098
11112
11129
11140
11145
11145
11244
11304
11322
11352
11360
11388
11395
11410
11418
11426
11431
11446
11468
11508
11508
11585
11596
11602
11624
11718
11820
11821
11826
11861
11863
11921
12052
12160
12197
12219
12220
12225
12321
12326
12349
12361
12406
12419
12442
12503
12582
12633
12648
12652
12757
12806
12839
12852
12897
12919
12923
12935
12939
12945
12954
12954
12965
12985
13120
13124
13156
13223
13285
13286
13352
13414
13572
13586
13590
13633
13652
13687
13729
13840
13841
13872
13949
13972
14020
14032
14054
14168
14215
14307
14354
14377
14379
14391
14392
14393
14421
14450
14477
14618
14647
14686
14691
14786
14823
14908
14962
15008
15056
15093
15103
15112
15136
15160
15184
15192
15274
15282
15357
15410
15418
15442
15459
15473
15482
15488
15574
15594
15603
15607
15631
15632
15636
15643
15676
15886
15917
15926
15962
15971
15974
15976
15980
15983
15997
16046
16086
16136
16152
16183
16249
16261
16338
16370
16401
16475
16477
16482
16487
16499
16517
16521
16565
16580
16603
16638
16641
16641
16649
16661
16666
16676
16693
16792
16816
16886
16899
16941
16994
17070
17112
17139
17147
17171
17174
17178
17274
17279
17334
17374
17432
17450
17454
17464
17475
17494
17510
17519
17595
17596
17599
17636
17655
17706
17712
17774
17783
17787
17800
17835
17847
17886
17927
17930
17947
17960
17985
18010
18015
18022
18042
18082
18114
18228
18268
18293
18311
18386
18392
18394
18413
18431
18452
18480
18526
18563
18647
18649
18651
18671
18739
18741
18853
18859
18867
18869
18928
18947
18982
18982
18989
18996
19024
19037
19070
19123
19154
19214
19227
19241
19293
19338
19448
19450
19474
19615
19642
19651
19657
19660
19664
19740
19754
19763
19941
19977
20011
20041
20043
20045
20085
20121
20122
20227
20243
20292
20293
20309
20338
20371
20439
20504
20553
20643
20662
20675
20716
20736
20739
20774
20846
20855
20910
20939
20947
20992
21055
21060
21162
21182
21210
21235
21252
21304
21373
21406
21419
21421
21443
21451
21471
21535
21562
21581
21647
21694
21699
21723
21750
21793
21864
21867
21922
21938
22025
22031
22031
22077
22107
22109
22219
22300
22346
22348
22419
22460
22606
22608
22620
22626
22639
22645
22685
22686
22712
22739
22752
22814
22818
22833
22883
22888
22893
22901
22912
22919
22950
22995
23014
23058
23153
23233
23234
23247
23278
23285
23359
23372
23382
23395
23524
23525
23541
23563
23731
23870
23873
23914
23914
23942
24000
24017
24029
24074
24076
24175
24238
24268
24275
24316
24376
24407
24457
24513
24526
24566
24571
24710
24730
24754
24761
24774
24781
24798
24810
24847
24875
24890
24989
25002
25021
25024
25027
25056
25075
25105
25211
25234
25312
25339
25400
25455
25460
25467
25520
25554
25602
25614
25643
25657
25691
25719
25735
25790
25823
25847
25848
25859
25861
25939
25975
25989
26034
26063
26071
26089
26117
26156
26179
26200
26221
26242
26278
26279
26332
26453
26502
26512
26550
26577
26603
26607
26655
26683
26724
26740
26755
26790
26817
26827
26864
26875
26884
26904
26907
26946
26987
27001
27028
27047
27065
27173
27212
27242
27243
27244
27257
27282
27299
27318
27321
27393
27410
27438
27461
27478
27502
27572
27595
27617
27649
27682
27707
27708
27735
27913
27933
27939
27947
27949
27977
27993
28006
28032
28035
28039
28064
28143
28168
28185
28189
28198
28221
28256
28297
28359
28361
28373
28429
28474
28488
28493
28509
28565
28581
28657
28661
28695
28733
28733
28772
28791
28819
28824
28828
28847
28870
28883
28903
28954
28984
29018
29018
29112
29160
29221
29244
29277
29278
29282
29300
29344
29349
29368
29499
29600
29681
29718
29729
29775
29775
29790
29818
29827
29837
29937
29941
29959
29978
29988
29988
30011
30018
30069
30081
30103
30113
30121
30129
30132
30154
30168
30194
30225
30244
30272
30310
30311
30319
30324
30331
30409
30431
30490
30495
30528
30561
30577
30688
30699
30714
30915
30921
30924
31017
31027
31071
31111
31151
31162
31162
31182
31183
31199
31201
31238
31249
31250
31285
31317
31382
31402
31444
31500
31565
31572
31639
31658
31789
31929
31947
32005
32066
32070
30714
32105
32108
32153
32183
32207
32226
32263
32267
29600
32276
32286
32347
32371
32376
32448
32461
32487
32489
30168
32494
30561
32494
30069
32525
29959
32582
32610
30272
32664
32699
30132
32722
31382
32756
30121
1906912
